StartConsensus, 1536659572564911000
StartConsensus, 1536659577026640000
StartConsensus, 1536659584195885000
StartConsensus, 1536659588862554000
StartConsensus, 1536659594179628000
StartConsensus, 1536659597362757000
